0
0
0
0
0
1
2
2
3
3
4
4
5
5
5
5
6
6
6
8
8
9
9
10
10
10
11
11
11
11
11
12
12
12
12
13
14
15
15
15
15
16
16
16
17
18
18
19
20
20
21
21
21
21
22
23
24
24
24
24
25
26
27
27
27
27
28
28
28
28
29
29
29
30
30
30
31
31
31
31
31
32
33
34
34
35
36
36
36
36
37
37
38
38
38
38
39
39
40
41
41
41
41
41
42
42
43
43
44
44
44
45
45
45
45
46
46
48
48
48
49
49
50
51
51
51
51
51
52
53
53
54
54
56
56
56
57
57
58
58
59
60
60
60
61
62
63
64
64
65
65
65
65
66
66
66
67
67
67
67
68
68
68
68
68
69
69
69
69
69
70
70
70
70
71
72
72
72
73
73
73
73
74
74
74
74
75
75
75
75
76
76
76
77
77
77
78
79
79
80
80
80
81
81
81
81
82
82
82
83
83
83
84
84
85
85
87
87
87
87
87
87
87
88
88
89
89
89
89
89
90
90
90
90
91
91
92
92
92
93
94
95
96
96
96
96
97
97
98
98
99
19
33
79
11
75
66
95
24
2
45
58
71
83
84
34
3
29
49
75
56
93
99
88
69
37
40
77
16
61
29
26
32
14
5
96
89
71
91
65
26
36
23
49
19
59
84
74
40
33
1
97
78
1
37
99
90
77
77
58
90
6
84
74
20
41
70
61
64
13
27
90
2
2
40
73
14
24
48
6
9
49
55
88
50
92
87
92
69
16
50
11
74
34
86
46
27
8
8
92
74
87
82
76
41
74
49
7
98
49
14
60
51
69
48
53
62
87
46
83
56
96
47
30
83
33
77
10
93
37
2
19
24
37
95
17
11
97
25
10
98
91
70
1
60
70
55
74
9
53
10
65
49
57
48
84
42
25
95
87
62
97
7
38
86
54
55
98
3
32
60
2
23
82
55
36
4
62
62
13
15
72
31
17
29
79
1
71
4
96
11
18
46
18
56
32
72
63
82
76
96
42
30
71
76
37
7
80
0
70
46
15
94
77
32
24
56
86
47
12
34
58
82
32
28
90
17
1
53
99
29
1
94
11
73
70
48
32
3
0
54
49
16
49
26
0
25
34
38
24
