0
0
0
0
0
1
1
2
2
2
3
4
4
4
4
5
5
5
7
7
7
7
7
8
9
9
9
9
10
10
10
11
11
12
13
13
15
15
17
17
18
18
19
19
20
20
20
21
22
22
22
23
23
23
23
24
24
24
26
26
26
26
26
27
27
27
27
28
29
30
30
30
31
31
31
32
32
33
34
34
34
35
35
36
36
37
38
38
39
39
39
39
39
39
40
40
40
40
41
41
41
42
42
44
44
44
44
45
45
46
47
47
47
47
48
49
49
49
49
50
50
50
50
51
51
52
52
53
53
55
55
55
56
56
56
57
57
57
57
58
58
59
59
59
60
60
60
60
60
60
61
61
62
62
62
62
62
62
63
63
64
64
64
65
66
67
67
67
67
68
68
68
68
69
69
70
70
70
71
73
73
74
74
75
75
75
75
76
76
77
77
78
78
78
79
79
79
79
79
79
80
80
80
80
81
82
82
82
82
84
84
84
85
85
85
85
86
86
87
87
87
87
88
88
89
89
90
90
90
90
91
91
91
91
92
92
92
92
93
93
94
95
96
96
96
98
99
99
99
99
99
65
81
60
84
18
24
52
97
36
64
97
14
77
19
12
68
51
6
68
51
36
12
50
52
90
14
91
5
4
1
72
69
34
33
5
52
9
57
50
45
21
47
59
98
18
24
66
69
30
86
20
18
98
22
70
41
36
61
46
40
14
70
61
48
55
18
1
64
75
3
61
49
50
21
99
20
97
18
42
27
4
62
98
55
85
68
48
73
82
94
66
96
16
79
45
72
98
98
88
25
1
50
26
3
23
26
23
20
96
65
99
52
80
97
7
17
66
7
42
48
1
8
96
70
40
41
42
38
39
82
15
40
32
42
43
7
20
19
27
16
84
79
20
16
28
80
33
94
87
76
94
41
36
91
11
76
84
53
66
24
87
82
16
20
76
60
79
48
31
59
16
15
38
36
84
66
16
17
13
4
45
7
45
82
50
8
10
35
13
77
11
0
11
27
72
39
39
52
87
70
11
3
38
49
91
74
67
8
91
80
64
89
40
61
71
42
69
33
77
34
62
40
34
73
20
7
64
59
59
51
82
70
6
72
71
50
46
38
58
89
19
74
78
11
87
1
53
8
87
